AA = [0 1 0;0 0 1;-160 -56 -14]