x = [1:1000];
y = x .^2 ;